 index point time
0 0 10893843943078360143403895311042249978576984729231319619400393673023933274434756918651522867260609034998150884776519916318675029784706588081477339817443328 3894763
1 0 10893843943078360143403895311042249978576984729231319619400393673023933274434756918651522867260609034998150884776519916318675029784706588081477339817443328 3874918
2 0 10893843943078360143403895311042249978576984729231319619400393673023933274434756918651522867260609034998150884776519916318675029784706588081477339817443328 3948072
3 0 10893843943078360143403895311042249978576984729231319619400393673023933274434756918651522867260609034998150884776519916318675029784706588081477339817443328 3954129
4 0 10893843943078360143403895311042249978576984729231319619400393673023933274434756918651522867260609034998150884776519916318675029784706588081477339817443328 5398059
5 0 10893843943078360143403895311042249978576984729231319619400393673023933274434756918651522867260609034998150884776519916318675029784706588081477339817443328 5352794
6 0 10893843943078360143403895311042249978576984729231319619400393673023933274434756918651522867260609034998150884776519916318675029784706588081477339817443328 5898437
7 1 10893843943078360143403895311042249978576984729231319619400393673023933274434756918651522867260609034998150884776519916318675029784706588081477339817443328 5398448
8 1 10893843943078360143403895311042249978576984729231319619400393673023933274434756918651522867260609034998150884776519916318675029784706588081477339817443328 5379446
9 1 10893843943078360143403895311042249978576984729231319619400393673023933274434756918651522867260609034998150884776519916318675029784706588081477339817443328 5865278
10 1 10893843943078360143403895311042249978576984729231319619400393673023933274434756918651522867260609034998150884776519916318675029784706588081477339817443328 6487725
11 1 10893843943078360143403895311042249978576984729231319619400393673023933274434756918651522867260609034998150884776519916318675029784706588081477339817443328 6608889
12 1 10893843943078360143403895311042249978576984729231319619400393673023933274434756918651522867260609034998150884776519916318675029784706588081477339817443328 6176537
13 1 10893843943078360143403895311042249978576984729231319619400393673023933274434756918651522867260609034998150884776519916318675029784706588081477339817443328 6249075
14 2 10893843943078360143403895311042249978576984729231319619400393673023933274434756918651522867260609034998150884776519916318675029784706588081477339817443328 5640087
15 2 10893843943078360143403895311042249978576984729231319619400393673023933274434756918651522867260609034998150884776519916318675029784706588081477339817443328 5967234
16 2 10893843943078360143403895311042249978576984729231319619400393673023933274434756918651522867260609034998150884776519916318675029784706588081477339817443328 6166475
17 2 10893843943078360143403895311042249978576984729231319619400393673023933274434756918651522867260609034998150884776519916318675029784706588081477339817443328 6289614
18 2 10893843943078360143403895311042249978576984729231319619400393673023933274434756918651522867260609034998150884776519916318675029784706588081477339817443328 5955695
19 2 10893843943078360143403895311042249978576984729231319619400393673023933274434756918651522867260609034998150884776519916318675029784706588081477339817443328 5871272
20 2 10893843943078360143403895311042249978576984729231319619400393673023933274434756918651522867260609034998150884776519916318675029784706588081477339817443328 6229420
21 3 10893843943078360143403895311042249978576984729231319619400393673023933274434756918651522867260609034998150884776519916318675029784706588081477339817443328 5524606
22 3 10893843943078360143403895311042249978576984729231319619400393673023933274434756918651522867260609034998150884776519916318675029784706588081477339817443328 5401625
23 3 10893843943078360143403895311042249978576984729231319619400393673023933274434756918651522867260609034998150884776519916318675029784706588081477339817443328 5931389
24 3 10893843943078360143403895311042249978576984729231319619400393673023933274434756918651522867260609034998150884776519916318675029784706588081477339817443328 5914820
25 3 10893843943078360143403895311042249978576984729231319619400393673023933274434756918651522867260609034998150884776519916318675029784706588081477339817443328 6239935
26 3 10893843943078360143403895311042249978576984729231319619400393673023933274434756918651522867260609034998150884776519916318675029784706588081477339817443328 6303205
27 3 10893843943078360143403895311042249978576984729231319619400393673023933274434756918651522867260609034998150884776519916318675029784706588081477339817443328 6184887
28 4 10893843943078360143403895311042249978576984729231319619400393673023933274434756918651522867260609034998150884776519916318675029784706588081477339817443328 6056528
29 4 10893843943078360143403895311042249978576984729231319619400393673023933274434756918651522867260609034998150884776519916318675029784706588081477339817443328 5900389
30 4 10893843943078360143403895311042249978576984729231319619400393673023933274434756918651522867260609034998150884776519916318675029784706588081477339817443328 6250776
31 4 10893843943078360143403895311042249978576984729231319619400393673023933274434756918651522867260609034998150884776519916318675029784706588081477339817443328 6349937
32 4 10893843943078360143403895311042249978576984729231319619400393673023933274434756918651522867260609034998150884776519916318675029784706588081477339817443328 6714893
33 4 10893843943078360143403895311042249978576984729231319619400393673023933274434756918651522867260609034998150884776519916318675029784706588081477339817443328 6957190
34 4 10893843943078360143403895311042249978576984729231319619400393673023933274434756918651522867260609034998150884776519916318675029784706588081477339817443328 6883310
35 5 10893843943078360143403895311042249978576984729231319619400393673023933274434756918651522867260609034998150884776519916318675029784706588081477339817443328 5638971
36 5 10893843943078360143403895311042249978576984729231319619400393673023933274434756918651522867260609034998150884776519916318675029784706588081477339817443328 5638272
37 5 10893843943078360143403895311042249978576984729231319619400393673023933274434756918651522867260609034998150884776519916318675029784706588081477339817443328 5909627
38 5 10893843943078360143403895311042249978576984729231319619400393673023933274434756918651522867260609034998150884776519916318675029784706588081477339817443328 5924808
39 5 10893843943078360143403895311042249978576984729231319619400393673023933274434756918651522867260609034998150884776519916318675029784706588081477339817443328 5911494
40 5 10893843943078360143403895311042249978576984729231319619400393673023933274434756918651522867260609034998150884776519916318675029784706588081477339817443328 5893519
41 5 10893843943078360143403895311042249978576984729231319619400393673023933274434756918651522867260609034998150884776519916318675029784706588081477339817443328 5995232
42 6 10893843943078360143403895311042249978576984729231319619400393673023933274434756918651522867260609034998150884776519916318675029784706588081477339817443328 5919961
43 6 10893843943078360143403895311042249978576984729231319619400393673023933274434756918651522867260609034998150884776519916318675029784706588081477339817443328 5923059
44 6 10893843943078360143403895311042249978576984729231319619400393673023933274434756918651522867260609034998150884776519916318675029784706588081477339817443328 5865060
45 6 10893843943078360143403895311042249978576984729231319619400393673023933274434756918651522867260609034998150884776519916318675029784706588081477339817443328 5910610
46 6 10893843943078360143403895311042249978576984729231319619400393673023933274434756918651522867260609034998150884776519916318675029784706588081477339817443328 5924707
47 6 10893843943078360143403895311042249978576984729231319619400393673023933274434756918651522867260609034998150884776519916318675029784706588081477339817443328 5886964
48 6 10893843943078360143403895311042249978576984729231319619400393673023933274434756918651522867260609034998150884776519916318675029784706588081477339817443328 6292143
49 7 10893843943078360143403895311042249978576984729231319619400393673023933274434756918651522867260609034998150884776519916318675029784706588081477339817443328 5489722
50 7 10893843943078360143403895311042249978576984729231319619400393673023933274434756918651522867260609034998150884776519916318675029784706588081477339817443328 5336103
51 7 10893843943078360143403895311042249978576984729231319619400393673023933274434756918651522867260609034998150884776519916318675029784706588081477339817443328 5966310
52 7 10893843943078360143403895311042249978576984729231319619400393673023933274434756918651522867260609034998150884776519916318675029784706588081477339817443328 6027383
53 7 10893843943078360143403895311042249978576984729231319619400393673023933274434756918651522867260609034998150884776519916318675029784706588081477339817443328 5927475
54 7 10893843943078360143403895311042249978576984729231319619400393673023933274434756918651522867260609034998150884776519916318675029784706588081477339817443328 5892108
55 7 10893843943078360143403895311042249978576984729231319619400393673023933274434756918651522867260609034998150884776519916318675029784706588081477339817443328 6201100
56 8 10893843943078360143403895311042249978576984729231319619400393673023933274434756918651522867260609034998150884776519916318675029784706588081477339817443328 5423859
57 8 10893843943078360143403895311042249978576984729231319619400393673023933274434756918651522867260609034998150884776519916318675029784706588081477339817443328 5354730
58 8 10893843943078360143403895311042249978576984729231319619400393673023933274434756918651522867260609034998150884776519916318675029784706588081477339817443328 5900179
59 8 10893843943078360143403895311042249978576984729231319619400393673023933274434756918651522867260609034998150884776519916318675029784706588081477339817443328 5881874
60 8 10893843943078360143403895311042249978576984729231319619400393673023933274434756918651522867260609034998150884776519916318675029784706588081477339817443328 6185988
61 8 10893843943078360143403895311042249978576984729231319619400393673023933274434756918651522867260609034998150884776519916318675029784706588081477339817443328 6829610
62 8 10893843943078360143403895311042249978576984729231319619400393673023933274434756918651522867260609034998150884776519916318675029784706588081477339817443328 6957106
63 9 10893843943078360143403895311042249978576984729231319619400393673023933274434756918651522867260609034998150884776519916318675029784706588081477339817443328 5374949
64 9 10893843943078360143403895311042249978576984729231319619400393673023933274434756918651522867260609034998150884776519916318675029784706588081477339817443328 5544734
65 9 10893843943078360143403895311042249978576984729231319619400393673023933274434756918651522867260609034998150884776519916318675029784706588081477339817443328 6152810
66 9 10893843943078360143403895311042249978576984729231319619400393673023933274434756918651522867260609034998150884776519916318675029784706588081477339817443328 6274271
67 9 10893843943078360143403895311042249978576984729231319619400393673023933274434756918651522867260609034998150884776519916318675029784706588081477339817443328 6185171
68 9 10893843943078360143403895311042249978576984729231319619400393673023933274434756918651522867260609034998150884776519916318675029784706588081477339817443328 6518051
69 9 10893843943078360143403895311042249978576984729231319619400393673023933274434756918651522867260609034998150884776519916318675029784706588081477339817443328 6562219
70 10 10893843943078360143403895311042249978576984729231319619400393673023933274434756918651522867260609034998150884776519916318675029784706588081477339817443328 5633519
71 10 10893843943078360143403895311042249978576984729231319619400393673023933274434756918651522867260609034998150884776519916318675029784706588081477339817443328 5635218
72 10 10893843943078360143403895311042249978576984729231319619400393673023933274434756918651522867260609034998150884776519916318675029784706588081477339817443328 6157569
73 10 10893843943078360143403895311042249978576984729231319619400393673023933274434756918651522867260609034998150884776519916318675029784706588081477339817443328 6207541
74 10 10893843943078360143403895311042249978576984729231319619400393673023933274434756918651522867260609034998150884776519916318675029784706588081477339817443328 6388250
75 10 10893843943078360143403895311042249978576984729231319619400393673023933274434756918651522867260609034998150884776519916318675029784706588081477339817443328 6599342
76 10 10893843943078360143403895311042249978576984729231319619400393673023933274434756918651522867260609034998150884776519916318675029784706588081477339817443328 6624571
77 11 10893843943078360143403895311042249978576984729231319619400393673023933274434756918651522867260609034998150884776519916318675029784706588081477339817443328 5622732
78 11 10893843943078360143403895311042249978576984729231319619400393673023933274434756918651522867260609034998150884776519916318675029784706588081477339817443328 5635015
79 11 10893843943078360143403895311042249978576984729231319619400393673023933274434756918651522867260609034998150884776519916318675029784706588081477339817443328 5878963
80 11 10893843943078360143403895311042249978576984729231319619400393673023933274434756918651522867260609034998150884776519916318675029784706588081477339817443328 5927322
81 11 10893843943078360143403895311042249978576984729231319619400393673023933274434756918651522867260609034998150884776519916318675029784706588081477339817443328 5998000
82 11 10893843943078360143403895311042249978576984729231319619400393673023933274434756918651522867260609034998150884776519916318675029784706588081477339817443328 5891934
83 11 10893843943078360143403895311042249978576984729231319619400393673023933274434756918651522867260609034998150884776519916318675029784706588081477339817443328 5990978
84 12 10893843943078360143403895311042249978576984729231319619400393673023933274434756918651522867260609034998150884776519916318675029784706588081477339817443328 5627512
85 12 10893843943078360143403895311042249978576984729231319619400393673023933274434756918651522867260609034998150884776519916318675029784706588081477339817443328 5678177
86 12 10893843943078360143403895311042249978576984729231319619400393673023933274434756918651522867260609034998150884776519916318675029784706588081477339817443328 5868824
87 12 10893843943078360143403895311042249978576984729231319619400393673023933274434756918651522867260609034998150884776519916318675029784706588081477339817443328 5922246
88 12 10893843943078360143403895311042249978576984729231319619400393673023933274434756918651522867260609034998150884776519916318675029784706588081477339817443328 5928339
89 12 10893843943078360143403895311042249978576984729231319619400393673023933274434756918651522867260609034998150884776519916318675029784706588081477339817443328 5884840
90 12 10893843943078360143403895311042249978576984729231319619400393673023933274434756918651522867260609034998150884776519916318675029784706588081477339817443328 6523289
91 13 10893843943078360143403895311042249978576984729231319619400393673023933274434756918651522867260609034998150884776519916318675029784706588081477339817443328 5683159
92 13 10893843943078360143403895311042249978576984729231319619400393673023933274434756918651522867260609034998150884776519916318675029784706588081477339817443328 5643318
93 13 10893843943078360143403895311042249978576984729231319619400393673023933274434756918651522867260609034998150884776519916318675029784706588081477339817443328 5849282
94 13 10893843943078360143403895311042249978576984729231319619400393673023933274434756918651522867260609034998150884776519916318675029784706588081477339817443328 5957304
95 13 10893843943078360143403895311042249978576984729231319619400393673023933274434756918651522867260609034998150884776519916318675029784706588081477339817443328 6273885
96 13 10893843943078360143403895311042249978576984729231319619400393673023933274434756918651522867260609034998150884776519916318675029784706588081477339817443328 6202569
97 13 10893843943078360143403895311042249978576984729231319619400393673023933274434756918651522867260609034998150884776519916318675029784706588081477339817443328 6224408
98 14 10893843943078360143403895311042249978576984729231319619400393673023933274434756918651522867260609034998150884776519916318675029784706588081477339817443328 6212494
99 14 10893843943078360143403895311042249978576984729231319619400393673023933274434756918651522867260609034998150884776519916318675029784706588081477339817443328 5943996
100 14 10893843943078360143403895311042249978576984729231319619400393673023933274434756918651522867260609034998150884776519916318675029784706588081477339817443328 6322153
101 14 10893843943078360143403895311042249978576984729231319619400393673023933274434756918651522867260609034998150884776519916318675029784706588081477339817443328 6531203
102 14 10893843943078360143403895311042249978576984729231319619400393673023933274434756918651522867260609034998150884776519916318675029784706588081477339817443328 6699063
103 14 10893843943078360143403895311042249978576984729231319619400393673023933274434756918651522867260609034998150884776519916318675029784706588081477339817443328 6884856
104 14 10893843943078360143403895311042249978576984729231319619400393673023933274434756918651522867260609034998150884776519916318675029784706588081477339817443328 6603996
105 15 10893843943078360143403895311042249978576984729231319619400393673023933274434756918651522867260609034998150884776519916318675029784706588081477339817443328 6015018
106 15 10893843943078360143403895311042249978576984729231319619400393673023933274434756918651522867260609034998150884776519916318675029784706588081477339817443328 5986883
107 15 10893843943078360143403895311042249978576984729231319619400393673023933274434756918651522867260609034998150884776519916318675029784706588081477339817443328 5984654
108 15 10893843943078360143403895311042249978576984729231319619400393673023933274434756918651522867260609034998150884776519916318675029784706588081477339817443328 5898702
109 15 10893843943078360143403895311042249978576984729231319619400393673023933274434756918651522867260609034998150884776519916318675029784706588081477339817443328 6251660
110 15 10893843943078360143403895311042249978576984729231319619400393673023933274434756918651522867260609034998150884776519916318675029784706588081477339817443328 6325834
111 15 10893843943078360143403895311042249978576984729231319619400393673023933274434756918651522867260609034998150884776519916318675029784706588081477339817443328 6525197
