 point time
0 11353860437120204348539420361367294927683441924641720282978666316144621735920188475867378638813811676070362003602263559496393696538309271007870774914687282 2091863
1 11353860437120204348539420361367294927683441924641720282978666316144621735920188475867378638813811676070362003602263559496393696538309271007870774914687282 2244548
2 11353860437120204348539420361367294927683441924641720282978666316144621735920188475867378638813811676070362003602263559496393696538309271007870774914687282 1994881
3 11353860437120204348539420361367294927683441924641720282978666316144621735920188475867378638813811676070362003602263559496393696538309271007870774914687282 2096223
4 11353860437120204348539420361367294927683441924641720282978666316144621735920188475867378638813811676070362003602263559496393696538309271007870774914687282 2178002
5 11353860437120204348539420361367294927683441924641720282978666316144621735920188475867378638813811676070362003602263559496393696538309271007870774914687282 2333340
6 11353860437120204348539420361367294927683441924641720282978666316144621735920188475867378638813811676070362003602263559496393696538309271007870774914687282 2154714
7 11353860437120204348539420361367294927683441924641720282978666316144621735920188475867378638813811676070362003602263559496393696538309271007870774914687282 2133499
8 11353860437120204348539420361367294927683441924641720282978666316144621735920188475867378638813811676070362003602263559496393696538309271007870774914687282 2121703
9 11353860437120204348539420361367294927683441924641720282978666316144621735920188475867378638813811676070362003602263559496393696538309271007870774914687282 2089045
10 11353860437120204348539420361367294927683441924641720282978666316144621735920188475867378638813811676070362003602263559496393696538309271007870774914687282 2202115
11 11353860437120204348539420361367294927683441924641720282978666316144621735920188475867378638813811676070362003602263559496393696538309271007870774914687282 1813732
12 11353860437120204348539420361367294927683441924641720282978666316144621735920188475867378638813811676070362003602263559496393696538309271007870774914687282 2225944
13 11353860437120204348539420361367294927683441924641720282978666316144621735920188475867378638813811676070362003602263559496393696538309271007870774914687282 2052365
14 11353860437120204348539420361367294927683441924641720282978666316144621735920188475867378638813811676070362003602263559496393696538309271007870774914687282 2076038
15 11353860437120204348539420361367294927683441924641720282978666316144621735920188475867378638813811676070362003602263559496393696538309271007870774914687282 1968036
16 11353860437120204348539420361367294927683441924641720282978666316144621735920188475867378638813811676070362003602263559496393696538309271007870774914687282 2079708
17 11353860437120204348539420361367294927683441924641720282978666316144621735920188475867378638813811676070362003602263559496393696538309271007870774914687282 1643551
18 11353860437120204348539420361367294927683441924641720282978666316144621735920188475867378638813811676070362003602263559496393696538309271007870774914687282 2084553
19 11353860437120204348539420361367294927683441924641720282978666316144621735920188475867378638813811676070362003602263559496393696538309271007870774914687282 2226258
20 11353860437120204348539420361367294927683441924641720282978666316144621735920188475867378638813811676070362003602263559496393696538309271007870774914687282 2074602
21 11353860437120204348539420361367294927683441924641720282978666316144621735920188475867378638813811676070362003602263559496393696538309271007870774914687282 2421157
22 11353860437120204348539420361367294927683441924641720282978666316144621735920188475867378638813811676070362003602263559496393696538309271007870774914687282 2081975
23 11353860437120204348539420361367294927683441924641720282978666316144621735920188475867378638813811676070362003602263559496393696538309271007870774914687282 2010006
24 11353860437120204348539420361367294927683441924641720282978666316144621735920188475867378638813811676070362003602263559496393696538309271007870774914687282 2083245
25 11353860437120204348539420361367294927683441924641720282978666316144621735920188475867378638813811676070362003602263559496393696538309271007870774914687282 2102906
26 11353860437120204348539420361367294927683441924641720282978666316144621735920188475867378638813811676070362003602263559496393696538309271007870774914687282 2248170
27 11353860437120204348539420361367294927683441924641720282978666316144621735920188475867378638813811676070362003602263559496393696538309271007870774914687282 2008741
28 11353860437120204348539420361367294927683441924641720282978666316144621735920188475867378638813811676070362003602263559496393696538309271007870774914687282 2047350
29 11353860437120204348539420361367294927683441924641720282978666316144621735920188475867378638813811676070362003602263559496393696538309271007870774914687282 1590347
30 11353860437120204348539420361367294927683441924641720282978666316144621735920188475867378638813811676070362003602263559496393696538309271007870774914687282 2086388
31 11353860437120204348539420361367294927683441924641720282978666316144621735920188475867378638813811676070362003602263559496393696538309271007870774914687282 2098070
32 11353860437120204348539420361367294927683441924641720282978666316144621735920188475867378638813811676070362003602263559496393696538309271007870774914687282 2070432
33 11353860437120204348539420361367294927683441924641720282978666316144621735920188475867378638813811676070362003602263559496393696538309271007870774914687282 1633106
34 11353860437120204348539420361367294927683441924641720282978666316144621735920188475867378638813811676070362003602263559496393696538309271007870774914687282 2263356
35 11353860437120204348539420361367294927683441924641720282978666316144621735920188475867378638813811676070362003602263559496393696538309271007870774914687282 2051458
36 11353860437120204348539420361367294927683441924641720282978666316144621735920188475867378638813811676070362003602263559496393696538309271007870774914687282 1636389
37 11353860437120204348539420361367294927683441924641720282978666316144621735920188475867378638813811676070362003602263559496393696538309271007870774914687282 1618207
38 11353860437120204348539420361367294927683441924641720282978666316144621735920188475867378638813811676070362003602263559496393696538309271007870774914687282 2212677
39 11353860437120204348539420361367294927683441924641720282978666316144621735920188475867378638813811676070362003602263559496393696538309271007870774914687282 1632993
40 11353860437120204348539420361367294927683441924641720282978666316144621735920188475867378638813811676070362003602263559496393696538309271007870774914687282 2083723
41 11353860437120204348539420361367294927683441924641720282978666316144621735920188475867378638813811676070362003602263559496393696538309271007870774914687282 1578013
42 11353860437120204348539420361367294927683441924641720282978666316144621735920188475867378638813811676070362003602263559496393696538309271007870774914687282 1605944
43 11353860437120204348539420361367294927683441924641720282978666316144621735920188475867378638813811676070362003602263559496393696538309271007870774914687282 2065390
44 11353860437120204348539420361367294927683441924641720282978666316144621735920188475867378638813811676070362003602263559496393696538309271007870774914687282 2048494
45 11353860437120204348539420361367294927683441924641720282978666316144621735920188475867378638813811676070362003602263559496393696538309271007870774914687282 1998683
46 11353860437120204348539420361367294927683441924641720282978666316144621735920188475867378638813811676070362003602263559496393696538309271007870774914687282 2256439
47 11353860437120204348539420361367294927683441924641720282978666316144621735920188475867378638813811676070362003602263559496393696538309271007870774914687282 2079179
48 11353860437120204348539420361367294927683441924641720282978666316144621735920188475867378638813811676070362003602263559496393696538309271007870774914687282 2092227
49 11353860437120204348539420361367294927683441924641720282978666316144621735920188475867378638813811676070362003602263559496393696538309271007870774914687282 2203099
50 11353860437120204348539420361367294927683441924641720282978666316144621735920188475867378638813811676070362003602263559496393696538309271007870774914687283 1425742
51 11353860437120204348539420361367294927683441924641720282978666316144621735920188475867378638813811676070362003602263559496393696538309271007870774914687283 1119530
52 11353860437120204348539420361367294927683441924641720282978666316144621735920188475867378638813811676070362003602263559496393696538309271007870774914687283 1323339
53 11353860437120204348539420361367294927683441924641720282978666316144621735920188475867378638813811676070362003602263559496393696538309271007870774914687283 1567041
54 11353860437120204348539420361367294927683441924641720282978666316144621735920188475867378638813811676070362003602263559496393696538309271007870774914687283 1609186
55 11353860437120204348539420361367294927683441924641720282978666316144621735920188475867378638813811676070362003602263559496393696538309271007870774914687283 1149536
56 11353860437120204348539420361367294927683441924641720282978666316144621735920188475867378638813811676070362003602263559496393696538309271007870774914687283 1413409
57 11353860437120204348539420361367294927683441924641720282978666316144621735920188475867378638813811676070362003602263559496393696538309271007870774914687283 1343038
58 11353860437120204348539420361367294927683441924641720282978666316144621735920188475867378638813811676070362003602263559496393696538309271007870774914687283 1402779
59 11353860437120204348539420361367294927683441924641720282978666316144621735920188475867378638813811676070362003602263559496393696538309271007870774914687283 1400532
60 11353860437120204348539420361367294927683441924641720282978666316144621735920188475867378638813811676070362003602263559496393696538309271007870774914687283 1178269
61 11353860437120204348539420361367294927683441924641720282978666316144621735920188475867378638813811676070362003602263559496393696538309271007870774914687283 1393464
62 11353860437120204348539420361367294927683441924641720282978666316144621735920188475867378638813811676070362003602263559496393696538309271007870774914687283 1351114
63 11353860437120204348539420361367294927683441924641720282978666316144621735920188475867378638813811676070362003602263559496393696538309271007870774914687283 1496960
64 11353860437120204348539420361367294927683441924641720282978666316144621735920188475867378638813811676070362003602263559496393696538309271007870774914687283 1156185
65 11353860437120204348539420361367294927683441924641720282978666316144621735920188475867378638813811676070362003602263559496393696538309271007870774914687283 1394751
66 11353860437120204348539420361367294927683441924641720282978666316144621735920188475867378638813811676070362003602263559496393696538309271007870774914687283 1425318
67 11353860437120204348539420361367294927683441924641720282978666316144621735920188475867378638813811676070362003602263559496393696538309271007870774914687283 1009542
68 11353860437120204348539420361367294927683441924641720282978666316144621735920188475867378638813811676070362003602263559496393696538309271007870774914687283 1403599
69 11353860437120204348539420361367294927683441924641720282978666316144621735920188475867378638813811676070362003602263559496393696538309271007870774914687283 1170651
70 11353860437120204348539420361367294927683441924641720282978666316144621735920188475867378638813811676070362003602263559496393696538309271007870774914687283 1967706
71 11353860437120204348539420361367294927683441924641720282978666316144621735920188475867378638813811676070362003602263559496393696538309271007870774914687283 1406996
72 11353860437120204348539420361367294927683441924641720282978666316144621735920188475867378638813811676070362003602263559496393696538309271007870774914687283 1391017
73 11353860437120204348539420361367294927683441924641720282978666316144621735920188475867378638813811676070362003602263559496393696538309271007870774914687283 1431121
74 11353860437120204348539420361367294927683441924641720282978666316144621735920188475867378638813811676070362003602263559496393696538309271007870774914687283 1453998
75 11353860437120204348539420361367294927683441924641720282978666316144621735920188475867378638813811676070362003602263559496393696538309271007870774914687283 1403573
76 11353860437120204348539420361367294927683441924641720282978666316144621735920188475867378638813811676070362003602263559496393696538309271007870774914687283 1405796
77 11353860437120204348539420361367294927683441924641720282978666316144621735920188475867378638813811676070362003602263559496393696538309271007870774914687283 1392480
78 11353860437120204348539420361367294927683441924641720282978666316144621735920188475867378638813811676070362003602263559496393696538309271007870774914687283 1186676
79 11353860437120204348539420361367294927683441924641720282978666316144621735920188475867378638813811676070362003602263559496393696538309271007870774914687283 1387456
80 11353860437120204348539420361367294927683441924641720282978666316144621735920188475867378638813811676070362003602263559496393696538309271007870774914687283 1385190
81 11353860437120204348539420361367294927683441924641720282978666316144621735920188475867378638813811676070362003602263559496393696538309271007870774914687283 1169827
82 11353860437120204348539420361367294927683441924641720282978666316144621735920188475867378638813811676070362003602263559496393696538309271007870774914687283 1401702
83 11353860437120204348539420361367294927683441924641720282978666316144621735920188475867378638813811676070362003602263559496393696538309271007870774914687283 1385470
84 11353860437120204348539420361367294927683441924641720282978666316144621735920188475867378638813811676070362003602263559496393696538309271007870774914687283 1395140
85 11353860437120204348539420361367294927683441924641720282978666316144621735920188475867378638813811676070362003602263559496393696538309271007870774914687283 1396469
86 11353860437120204348539420361367294927683441924641720282978666316144621735920188475867378638813811676070362003602263559496393696538309271007870774914687283 1403848
87 11353860437120204348539420361367294927683441924641720282978666316144621735920188475867378638813811676070362003602263559496393696538309271007870774914687283 1333574
88 11353860437120204348539420361367294927683441924641720282978666316144621735920188475867378638813811676070362003602263559496393696538309271007870774914687283 1422872
89 11353860437120204348539420361367294927683441924641720282978666316144621735920188475867378638813811676070362003602263559496393696538309271007870774914687283 1392631
90 11353860437120204348539420361367294927683441924641720282978666316144621735920188475867378638813811676070362003602263559496393696538309271007870774914687283 1391971
91 11353860437120204348539420361367294927683441924641720282978666316144621735920188475867378638813811676070362003602263559496393696538309271007870774914687283 1172921
92 11353860437120204348539420361367294927683441924641720282978666316144621735920188475867378638813811676070362003602263559496393696538309271007870774914687283 1554089
93 11353860437120204348539420361367294927683441924641720282978666316144621735920188475867378638813811676070362003602263559496393696538309271007870774914687283 1405051
94 11353860437120204348539420361367294927683441924641720282978666316144621735920188475867378638813811676070362003602263559496393696538309271007870774914687283 1339981
95 11353860437120204348539420361367294927683441924641720282978666316144621735920188475867378638813811676070362003602263559496393696538309271007870774914687283 1389686
96 11353860437120204348539420361367294927683441924641720282978666316144621735920188475867378638813811676070362003602263559496393696538309271007870774914687283 1399384
97 11353860437120204348539420361367294927683441924641720282978666316144621735920188475867378638813811676070362003602263559496393696538309271007870774914687283 1208397
98 11353860437120204348539420361367294927683441924641720282978666316144621735920188475867378638813811676070362003602263559496393696538309271007870774914687283 1394558
99 11353860437120204348539420361367294927683441924641720282978666316144621735920188475867378638813811676070362003602263559496393696538309271007870774914687283 1370649
100 11353860437120204348539420361367294927683441924641720282978666316144621735920188475867378638813811676070362003602263559496393696538309271007870774914687284 2027775
101 11353860437120204348539420361367294927683441924641720282978666316144621735920188475867378638813811676070362003602263559496393696538309271007870774914687284 1993588
102 11353860437120204348539420361367294927683441924641720282978666316144621735920188475867378638813811676070362003602263559496393696538309271007870774914687284 2081377
103 11353860437120204348539420361367294927683441924641720282978666316144621735920188475867378638813811676070362003602263559496393696538309271007870774914687284 2107291
104 11353860437120204348539420361367294927683441924641720282978666316144621735920188475867378638813811676070362003602263559496393696538309271007870774914687284 1989395
105 11353860437120204348539420361367294927683441924641720282978666316144621735920188475867378638813811676070362003602263559496393696538309271007870774914687284 2074864
106 11353860437120204348539420361367294927683441924641720282978666316144621735920188475867378638813811676070362003602263559496393696538309271007870774914687284 1982826
107 11353860437120204348539420361367294927683441924641720282978666316144621735920188475867378638813811676070362003602263559496393696538309271007870774914687284 2094402
108 11353860437120204348539420361367294927683441924641720282978666316144621735920188475867378638813811676070362003602263559496393696538309271007870774914687284 2015818
109 11353860437120204348539420361367294927683441924641720282978666316144621735920188475867378638813811676070362003602263559496393696538309271007870774914687284 2120702
110 11353860437120204348539420361367294927683441924641720282978666316144621735920188475867378638813811676070362003602263559496393696538309271007870774914687284 2086137
111 11353860437120204348539420361367294927683441924641720282978666316144621735920188475867378638813811676070362003602263559496393696538309271007870774914687284 2052093
112 11353860437120204348539420361367294927683441924641720282978666316144621735920188475867378638813811676070362003602263559496393696538309271007870774914687284 2024293
113 11353860437120204348539420361367294927683441924641720282978666316144621735920188475867378638813811676070362003602263559496393696538309271007870774914687284 2047200
114 11353860437120204348539420361367294927683441924641720282978666316144621735920188475867378638813811676070362003602263559496393696538309271007870774914687284 2087502
115 11353860437120204348539420361367294927683441924641720282978666316144621735920188475867378638813811676070362003602263559496393696538309271007870774914687284 2086403
116 11353860437120204348539420361367294927683441924641720282978666316144621735920188475867378638813811676070362003602263559496393696538309271007870774914687284 1770437
117 11353860437120204348539420361367294927683441924641720282978666316144621735920188475867378638813811676070362003602263559496393696538309271007870774914687284 6193640
118 11353860437120204348539420361367294927683441924641720282978666316144621735920188475867378638813811676070362003602263559496393696538309271007870774914687284 1572498
119 11353860437120204348539420361367294927683441924641720282978666316144621735920188475867378638813811676070362003602263559496393696538309271007870774914687284 2210267
120 11353860437120204348539420361367294927683441924641720282978666316144621735920188475867378638813811676070362003602263559496393696538309271007870774914687284 5204517
121 11353860437120204348539420361367294927683441924641720282978666316144621735920188475867378638813811676070362003602263559496393696538309271007870774914687284 2004912
122 11353860437120204348539420361367294927683441924641720282978666316144621735920188475867378638813811676070362003602263559496393696538309271007870774914687284 2082535
123 11353860437120204348539420361367294927683441924641720282978666316144621735920188475867378638813811676070362003602263559496393696538309271007870774914687284 1770389
124 11353860437120204348539420361367294927683441924641720282978666316144621735920188475867378638813811676070362003602263559496393696538309271007870774914687284 2098811
125 11353860437120204348539420361367294927683441924641720282978666316144621735920188475867378638813811676070362003602263559496393696538309271007870774914687284 2149593
126 11353860437120204348539420361367294927683441924641720282978666316144621735920188475867378638813811676070362003602263559496393696538309271007870774914687284 2128170
127 11353860437120204348539420361367294927683441924641720282978666316144621735920188475867378638813811676070362003602263559496393696538309271007870774914687284 2108266
128 11353860437120204348539420361367294927683441924641720282978666316144621735920188475867378638813811676070362003602263559496393696538309271007870774914687284 2087283
129 11353860437120204348539420361367294927683441924641720282978666316144621735920188475867378638813811676070362003602263559496393696538309271007870774914687284 2014156
130 11353860437120204348539420361367294927683441924641720282978666316144621735920188475867378638813811676070362003602263559496393696538309271007870774914687284 2183835
131 11353860437120204348539420361367294927683441924641720282978666316144621735920188475867378638813811676070362003602263559496393696538309271007870774914687284 2097845
132 11353860437120204348539420361367294927683441924641720282978666316144621735920188475867378638813811676070362003602263559496393696538309271007870774914687284 2082385
133 11353860437120204348539420361367294927683441924641720282978666316144621735920188475867378638813811676070362003602263559496393696538309271007870774914687284 2264700
134 11353860437120204348539420361367294927683441924641720282978666316144621735920188475867378638813811676070362003602263559496393696538309271007870774914687284 2153360
135 11353860437120204348539420361367294927683441924641720282978666316144621735920188475867378638813811676070362003602263559496393696538309271007870774914687284 2092486
136 11353860437120204348539420361367294927683441924641720282978666316144621735920188475867378638813811676070362003602263559496393696538309271007870774914687284 1827127
137 11353860437120204348539420361367294927683441924641720282978666316144621735920188475867378638813811676070362003602263559496393696538309271007870774914687284 2096438
138 11353860437120204348539420361367294927683441924641720282978666316144621735920188475867378638813811676070362003602263559496393696538309271007870774914687284 2171643
139 11353860437120204348539420361367294927683441924641720282978666316144621735920188475867378638813811676070362003602263559496393696538309271007870774914687284 2147891
140 11353860437120204348539420361367294927683441924641720282978666316144621735920188475867378638813811676070362003602263559496393696538309271007870774914687284 1635923
141 11353860437120204348539420361367294927683441924641720282978666316144621735920188475867378638813811676070362003602263559496393696538309271007870774914687284 1643292
142 11353860437120204348539420361367294927683441924641720282978666316144621735920188475867378638813811676070362003602263559496393696538309271007870774914687284 2108453
143 11353860437120204348539420361367294927683441924641720282978666316144621735920188475867378638813811676070362003602263559496393696538309271007870774914687284 2154355
144 11353860437120204348539420361367294927683441924641720282978666316144621735920188475867378638813811676070362003602263559496393696538309271007870774914687284 2086498
145 11353860437120204348539420361367294927683441924641720282978666316144621735920188475867378638813811676070362003602263559496393696538309271007870774914687284 2102215
146 11353860437120204348539420361367294927683441924641720282978666316144621735920188475867378638813811676070362003602263559496393696538309271007870774914687284 2094383
147 11353860437120204348539420361367294927683441924641720282978666316144621735920188475867378638813811676070362003602263559496393696538309271007870774914687284 2047017
148 11353860437120204348539420361367294927683441924641720282978666316144621735920188475867378638813811676070362003602263559496393696538309271007870774914687284 2063062
149 11353860437120204348539420361367294927683441924641720282978666316144621735920188475867378638813811676070362003602263559496393696538309271007870774914687284 2152965
150 11693128827090800677443535237632476895247105886644942164014088484470194179491435241190389270827811769965853291192455791684691555403909415703633832493911788 2160647
151 11693128827090800677443535237632476895247105886644942164014088484470194179491435241190389270827811769965853291192455791684691555403909415703633832493911788 2083017
152 11693128827090800677443535237632476895247105886644942164014088484470194179491435241190389270827811769965853291192455791684691555403909415703633832493911788 2067760
153 11693128827090800677443535237632476895247105886644942164014088484470194179491435241190389270827811769965853291192455791684691555403909415703633832493911788 1699431
154 11693128827090800677443535237632476895247105886644942164014088484470194179491435241190389270827811769965853291192455791684691555403909415703633832493911788 2020421
155 11693128827090800677443535237632476895247105886644942164014088484470194179491435241190389270827811769965853291192455791684691555403909415703633832493911788 2104241
156 11693128827090800677443535237632476895247105886644942164014088484470194179491435241190389270827811769965853291192455791684691555403909415703633832493911788 2007208
157 11693128827090800677443535237632476895247105886644942164014088484470194179491435241190389270827811769965853291192455791684691555403909415703633832493911788 2293655
158 11693128827090800677443535237632476895247105886644942164014088484470194179491435241190389270827811769965853291192455791684691555403909415703633832493911788 2022881
159 11693128827090800677443535237632476895247105886644942164014088484470194179491435241190389270827811769965853291192455791684691555403909415703633832493911788 2102147
160 11693128827090800677443535237632476895247105886644942164014088484470194179491435241190389270827811769965853291192455791684691555403909415703633832493911788 2077926
161 11693128827090800677443535237632476895247105886644942164014088484470194179491435241190389270827811769965853291192455791684691555403909415703633832493911788 1984684
162 11693128827090800677443535237632476895247105886644942164014088484470194179491435241190389270827811769965853291192455791684691555403909415703633832493911788 2102515
163 11693128827090800677443535237632476895247105886644942164014088484470194179491435241190389270827811769965853291192455791684691555403909415703633832493911788 1989485
164 11693128827090800677443535237632476895247105886644942164014088484470194179491435241190389270827811769965853291192455791684691555403909415703633832493911788 2099124
165 11693128827090800677443535237632476895247105886644942164014088484470194179491435241190389270827811769965853291192455791684691555403909415703633832493911788 2081068
166 11693128827090800677443535237632476895247105886644942164014088484470194179491435241190389270827811769965853291192455791684691555403909415703633832493911788 2080953
167 11693128827090800677443535237632476895247105886644942164014088484470194179491435241190389270827811769965853291192455791684691555403909415703633832493911788 2083867
168 11693128827090800677443535237632476895247105886644942164014088484470194179491435241190389270827811769965853291192455791684691555403909415703633832493911788 2001786
169 11693128827090800677443535237632476895247105886644942164014088484470194179491435241190389270827811769965853291192455791684691555403909415703633832493911788 2045267
170 11693128827090800677443535237632476895247105886644942164014088484470194179491435241190389270827811769965853291192455791684691555403909415703633832493911788 1990419
171 11693128827090800677443535237632476895247105886644942164014088484470194179491435241190389270827811769965853291192455791684691555403909415703633832493911788 1994021
172 11693128827090800677443535237632476895247105886644942164014088484470194179491435241190389270827811769965853291192455791684691555403909415703633832493911788 1742850
173 11693128827090800677443535237632476895247105886644942164014088484470194179491435241190389270827811769965853291192455791684691555403909415703633832493911788 2100852
174 11693128827090800677443535237632476895247105886644942164014088484470194179491435241190389270827811769965853291192455791684691555403909415703633832493911788 2081669
175 11693128827090800677443535237632476895247105886644942164014088484470194179491435241190389270827811769965853291192455791684691555403909415703633832493911788 2085417
176 11693128827090800677443535237632476895247105886644942164014088484470194179491435241190389270827811769965853291192455791684691555403909415703633832493911788 2309016
177 11693128827090800677443535237632476895247105886644942164014088484470194179491435241190389270827811769965853291192455791684691555403909415703633832493911788 2032589
178 11693128827090800677443535237632476895247105886644942164014088484470194179491435241190389270827811769965853291192455791684691555403909415703633832493911788 2188764
179 11693128827090800677443535237632476895247105886644942164014088484470194179491435241190389270827811769965853291192455791684691555403909415703633832493911788 2176849
180 11693128827090800677443535237632476895247105886644942164014088484470194179491435241190389270827811769965853291192455791684691555403909415703633832493911788 1500280
181 11693128827090800677443535237632476895247105886644942164014088484470194179491435241190389270827811769965853291192455791684691555403909415703633832493911788 2089790
182 11693128827090800677443535237632476895247105886644942164014088484470194179491435241190389270827811769965853291192455791684691555403909415703633832493911788 1983509
183 11693128827090800677443535237632476895247105886644942164014088484470194179491435241190389270827811769965853291192455791684691555403909415703633832493911788 2144532
184 11693128827090800677443535237632476895247105886644942164014088484470194179491435241190389270827811769965853291192455791684691555403909415703633832493911788 2128481
185 11693128827090800677443535237632476895247105886644942164014088484470194179491435241190389270827811769965853291192455791684691555403909415703633832493911788 1984288
186 11693128827090800677443535237632476895247105886644942164014088484470194179491435241190389270827811769965853291192455791684691555403909415703633832493911788 2100829
187 11693128827090800677443535237632476895247105886644942164014088484470194179491435241190389270827811769965853291192455791684691555403909415703633832493911788 1979109
188 11693128827090800677443535237632476895247105886644942164014088484470194179491435241190389270827811769965853291192455791684691555403909415703633832493911788 2074716
189 11693128827090800677443535237632476895247105886644942164014088484470194179491435241190389270827811769965853291192455791684691555403909415703633832493911788 2078268
190 11693128827090800677443535237632476895247105886644942164014088484470194179491435241190389270827811769965853291192455791684691555403909415703633832493911788 2103495
191 11693128827090800677443535237632476895247105886644942164014088484470194179491435241190389270827811769965853291192455791684691555403909415703633832493911788 2075101
192 11693128827090800677443535237632476895247105886644942164014088484470194179491435241190389270827811769965853291192455791684691555403909415703633832493911788 2094758
193 11693128827090800677443535237632476895247105886644942164014088484470194179491435241190389270827811769965853291192455791684691555403909415703633832493911788 1992506
194 11693128827090800677443535237632476895247105886644942164014088484470194179491435241190389270827811769965853291192455791684691555403909415703633832493911788 2123364
195 11693128827090800677443535237632476895247105886644942164014088484470194179491435241190389270827811769965853291192455791684691555403909415703633832493911788 2120352
196 11693128827090800677443535237632476895247105886644942164014088484470194179491435241190389270827811769965853291192455791684691555403909415703633832493911788 2087437
197 11693128827090800677443535237632476895247105886644942164014088484470194179491435241190389270827811769965853291192455791684691555403909415703633832493911788 2088149
198 11693128827090800677443535237632476895247105886644942164014088484470194179491435241190389270827811769965853291192455791684691555403909415703633832493911788 2109700
199 11693128827090800677443535237632476895247105886644942164014088484470194179491435241190389270827811769965853291192455791684691555403909415703633832493911788 1993716
200 11693128827090800677443535237632476895247105886644942164014088484470194179491435241190389270827811769965853291192455791684691555403909415703633832493911789 6748423
201 11693128827090800677443535237632476895247105886644942164014088484470194179491435241190389270827811769965853291192455791684691555403909415703633832493911789 1508465
202 11693128827090800677443535237632476895247105886644942164014088484470194179491435241190389270827811769965853291192455791684691555403909415703633832493911789 1505262
203 11693128827090800677443535237632476895247105886644942164014088484470194179491435241190389270827811769965853291192455791684691555403909415703633832493911789 1464691
204 11693128827090800677443535237632476895247105886644942164014088484470194179491435241190389270827811769965853291192455791684691555403909415703633832493911789 1416918
205 11693128827090800677443535237632476895247105886644942164014088484470194179491435241190389270827811769965853291192455791684691555403909415703633832493911789 1335833
206 11693128827090800677443535237632476895247105886644942164014088484470194179491435241190389270827811769965853291192455791684691555403909415703633832493911789 1346112
207 11693128827090800677443535237632476895247105886644942164014088484470194179491435241190389270827811769965853291192455791684691555403909415703633832493911789 1399459
208 11693128827090800677443535237632476895247105886644942164014088484470194179491435241190389270827811769965853291192455791684691555403909415703633832493911789 1354633
209 11693128827090800677443535237632476895247105886644942164014088484470194179491435241190389270827811769965853291192455791684691555403909415703633832493911789 1436363
210 11693128827090800677443535237632476895247105886644942164014088484470194179491435241190389270827811769965853291192455791684691555403909415703633832493911789 1708434
211 11693128827090800677443535237632476895247105886644942164014088484470194179491435241190389270827811769965853291192455791684691555403909415703633832493911789 1390230
212 11693128827090800677443535237632476895247105886644942164014088484470194179491435241190389270827811769965853291192455791684691555403909415703633832493911789 1393811
213 11693128827090800677443535237632476895247105886644942164014088484470194179491435241190389270827811769965853291192455791684691555403909415703633832493911789 1396002
214 11693128827090800677443535237632476895247105886644942164014088484470194179491435241190389270827811769965853291192455791684691555403909415703633832493911789 1561822
215 11693128827090800677443535237632476895247105886644942164014088484470194179491435241190389270827811769965853291192455791684691555403909415703633832493911789 1383090
216 11693128827090800677443535237632476895247105886644942164014088484470194179491435241190389270827811769965853291192455791684691555403909415703633832493911789 1388692
217 11693128827090800677443535237632476895247105886644942164014088484470194179491435241190389270827811769965853291192455791684691555403909415703633832493911789 1346261
218 11693128827090800677443535237632476895247105886644942164014088484470194179491435241190389270827811769965853291192455791684691555403909415703633832493911789 1447379
219 11693128827090800677443535237632476895247105886644942164014088484470194179491435241190389270827811769965853291192455791684691555403909415703633832493911789 1297121
220 11693128827090800677443535237632476895247105886644942164014088484470194179491435241190389270827811769965853291192455791684691555403909415703633832493911789 1408326
221 11693128827090800677443535237632476895247105886644942164014088484470194179491435241190389270827811769965853291192455791684691555403909415703633832493911789 1463113
222 11693128827090800677443535237632476895247105886644942164014088484470194179491435241190389270827811769965853291192455791684691555403909415703633832493911789 1403100
223 11693128827090800677443535237632476895247105886644942164014088484470194179491435241190389270827811769965853291192455791684691555403909415703633832493911789 1405086
224 11693128827090800677443535237632476895247105886644942164014088484470194179491435241190389270827811769965853291192455791684691555403909415703633832493911789 1390903
225 11693128827090800677443535237632476895247105886644942164014088484470194179491435241190389270827811769965853291192455791684691555403909415703633832493911789 1394307
226 11693128827090800677443535237632476895247105886644942164014088484470194179491435241190389270827811769965853291192455791684691555403909415703633832493911789 1391511
227 11693128827090800677443535237632476895247105886644942164014088484470194179491435241190389270827811769965853291192455791684691555403909415703633832493911789 1471406
228 11693128827090800677443535237632476895247105886644942164014088484470194179491435241190389270827811769965853291192455791684691555403909415703633832493911789 1397114
229 11693128827090800677443535237632476895247105886644942164014088484470194179491435241190389270827811769965853291192455791684691555403909415703633832493911789 1415850
230 11693128827090800677443535237632476895247105886644942164014088484470194179491435241190389270827811769965853291192455791684691555403909415703633832493911789 1388421
231 11693128827090800677443535237632476895247105886644942164014088484470194179491435241190389270827811769965853291192455791684691555403909415703633832493911789 1331781
232 11693128827090800677443535237632476895247105886644942164014088484470194179491435241190389270827811769965853291192455791684691555403909415703633832493911789 1383657
233 11693128827090800677443535237632476895247105886644942164014088484470194179491435241190389270827811769965853291192455791684691555403909415703633832493911789 1296461
234 11693128827090800677443535237632476895247105886644942164014088484470194179491435241190389270827811769965853291192455791684691555403909415703633832493911789 1389488
235 11693128827090800677443535237632476895247105886644942164014088484470194179491435241190389270827811769965853291192455791684691555403909415703633832493911789 1397952
236 11693128827090800677443535237632476895247105886644942164014088484470194179491435241190389270827811769965853291192455791684691555403909415703633832493911789 1332928
237 11693128827090800677443535237632476895247105886644942164014088484470194179491435241190389270827811769965853291192455791684691555403909415703633832493911789 1410997
238 11693128827090800677443535237632476895247105886644942164014088484470194179491435241190389270827811769965853291192455791684691555403909415703633832493911789 1220351
239 11693128827090800677443535237632476895247105886644942164014088484470194179491435241190389270827811769965853291192455791684691555403909415703633832493911789 1425489
240 11693128827090800677443535237632476895247105886644942164014088484470194179491435241190389270827811769965853291192455791684691555403909415703633832493911789 1397860
241 11693128827090800677443535237632476895247105886644942164014088484470194179491435241190389270827811769965853291192455791684691555403909415703633832493911789 1401098
242 11693128827090800677443535237632476895247105886644942164014088484470194179491435241190389270827811769965853291192455791684691555403909415703633832493911789 1417247
243 11693128827090800677443535237632476895247105886644942164014088484470194179491435241190389270827811769965853291192455791684691555403909415703633832493911789 1386752
244 11693128827090800677443535237632476895247105886644942164014088484470194179491435241190389270827811769965853291192455791684691555403909415703633832493911789 1381352
245 11693128827090800677443535237632476895247105886644942164014088484470194179491435241190389270827811769965853291192455791684691555403909415703633832493911789 1109493
246 11693128827090800677443535237632476895247105886644942164014088484470194179491435241190389270827811769965853291192455791684691555403909415703633832493911789 1488962
247 11693128827090800677443535237632476895247105886644942164014088484470194179491435241190389270827811769965853291192455791684691555403909415703633832493911789 1391200
248 11693128827090800677443535237632476895247105886644942164014088484470194179491435241190389270827811769965853291192455791684691555403909415703633832493911789 1383973
249 11693128827090800677443535237632476895247105886644942164014088484470194179491435241190389270827811769965853291192455791684691555403909415703633832493911789 1116743
250 11693128827090800677443535237632476895247105886644942164014088484470194179491435241190389270827811769965853291192455791684691555403909415703633832493911790 1589703
251 11693128827090800677443535237632476895247105886644942164014088484470194179491435241190389270827811769965853291192455791684691555403909415703633832493911790 2128731
252 11693128827090800677443535237632476895247105886644942164014088484470194179491435241190389270827811769965853291192455791684691555403909415703633832493911790 2092044
253 11693128827090800677443535237632476895247105886644942164014088484470194179491435241190389270827811769965853291192455791684691555403909415703633832493911790 1992989
254 11693128827090800677443535237632476895247105886644942164014088484470194179491435241190389270827811769965853291192455791684691555403909415703633832493911790 2013665
255 11693128827090800677443535237632476895247105886644942164014088484470194179491435241190389270827811769965853291192455791684691555403909415703633832493911790 1997093
256 11693128827090800677443535237632476895247105886644942164014088484470194179491435241190389270827811769965853291192455791684691555403909415703633832493911790 2097354
257 11693128827090800677443535237632476895247105886644942164014088484470194179491435241190389270827811769965853291192455791684691555403909415703633832493911790 2081380
258 11693128827090800677443535237632476895247105886644942164014088484470194179491435241190389270827811769965853291192455791684691555403909415703633832493911790 2104882
259 11693128827090800677443535237632476895247105886644942164014088484470194179491435241190389270827811769965853291192455791684691555403909415703633832493911790 2093132
260 11693128827090800677443535237632476895247105886644942164014088484470194179491435241190389270827811769965853291192455791684691555403909415703633832493911790 2051649
261 11693128827090800677443535237632476895247105886644942164014088484470194179491435241190389270827811769965853291192455791684691555403909415703633832493911790 2257231
262 11693128827090800677443535237632476895247105886644942164014088484470194179491435241190389270827811769965853291192455791684691555403909415703633832493911790 2070861
263 11693128827090800677443535237632476895247105886644942164014088484470194179491435241190389270827811769965853291192455791684691555403909415703633832493911790 2003894
264 11693128827090800677443535237632476895247105886644942164014088484470194179491435241190389270827811769965853291192455791684691555403909415703633832493911790 2096051
265 11693128827090800677443535237632476895247105886644942164014088484470194179491435241190389270827811769965853291192455791684691555403909415703633832493911790 2079677
266 11693128827090800677443535237632476895247105886644942164014088484470194179491435241190389270827811769965853291192455791684691555403909415703633832493911790 1657097
267 11693128827090800677443535237632476895247105886644942164014088484470194179491435241190389270827811769965853291192455791684691555403909415703633832493911790 2105366
268 11693128827090800677443535237632476895247105886644942164014088484470194179491435241190389270827811769965853291192455791684691555403909415703633832493911790 2069340
269 11693128827090800677443535237632476895247105886644942164014088484470194179491435241190389270827811769965853291192455791684691555403909415703633832493911790 2070539
270 11693128827090800677443535237632476895247105886644942164014088484470194179491435241190389270827811769965853291192455791684691555403909415703633832493911790 2097098
271 11693128827090800677443535237632476895247105886644942164014088484470194179491435241190389270827811769965853291192455791684691555403909415703633832493911790 2093772
272 11693128827090800677443535237632476895247105886644942164014088484470194179491435241190389270827811769965853291192455791684691555403909415703633832493911790 2071168
273 11693128827090800677443535237632476895247105886644942164014088484470194179491435241190389270827811769965853291192455791684691555403909415703633832493911790 1992434
274 11693128827090800677443535237632476895247105886644942164014088484470194179491435241190389270827811769965853291192455791684691555403909415703633832493911790 2003586
275 11693128827090800677443535237632476895247105886644942164014088484470194179491435241190389270827811769965853291192455791684691555403909415703633832493911790 2173551
276 11693128827090800677443535237632476895247105886644942164014088484470194179491435241190389270827811769965853291192455791684691555403909415703633832493911790 2035564
277 11693128827090800677443535237632476895247105886644942164014088484470194179491435241190389270827811769965853291192455791684691555403909415703633832493911790 1517099
278 11693128827090800677443535237632476895247105886644942164014088484470194179491435241190389270827811769965853291192455791684691555403909415703633832493911790 1683947
279 11693128827090800677443535237632476895247105886644942164014088484470194179491435241190389270827811769965853291192455791684691555403909415703633832493911790 2194087
280 11693128827090800677443535237632476895247105886644942164014088484470194179491435241190389270827811769965853291192455791684691555403909415703633832493911790 2080161
281 11693128827090800677443535237632476895247105886644942164014088484470194179491435241190389270827811769965853291192455791684691555403909415703633832493911790 2073271
282 11693128827090800677443535237632476895247105886644942164014088484470194179491435241190389270827811769965853291192455791684691555403909415703633832493911790 2151900
283 11693128827090800677443535237632476895247105886644942164014088484470194179491435241190389270827811769965853291192455791684691555403909415703633832493911790 2093167
284 11693128827090800677443535237632476895247105886644942164014088484470194179491435241190389270827811769965853291192455791684691555403909415703633832493911790 2070593
285 11693128827090800677443535237632476895247105886644942164014088484470194179491435241190389270827811769965853291192455791684691555403909415703633832493911790 2073062
286 11693128827090800677443535237632476895247105886644942164014088484470194179491435241190389270827811769965853291192455791684691555403909415703633832493911790 2095081
287 11693128827090800677443535237632476895247105886644942164014088484470194179491435241190389270827811769965853291192455791684691555403909415703633832493911790 2111402
288 11693128827090800677443535237632476895247105886644942164014088484470194179491435241190389270827811769965853291192455791684691555403909415703633832493911790 2136619
289 11693128827090800677443535237632476895247105886644942164014088484470194179491435241190389270827811769965853291192455791684691555403909415703633832493911790 2133886
290 11693128827090800677443535237632476895247105886644942164014088484470194179491435241190389270827811769965853291192455791684691555403909415703633832493911790 2073420
291 11693128827090800677443535237632476895247105886644942164014088484470194179491435241190389270827811769965853291192455791684691555403909415703633832493911790 1984351
292 11693128827090800677443535237632476895247105886644942164014088484470194179491435241190389270827811769965853291192455791684691555403909415703633832493911790 2068335
293 11693128827090800677443535237632476895247105886644942164014088484470194179491435241190389270827811769965853291192455791684691555403909415703633832493911790 2113459
294 11693128827090800677443535237632476895247105886644942164014088484470194179491435241190389270827811769965853291192455791684691555403909415703633832493911790 1769576
295 11693128827090800677443535237632476895247105886644942164014088484470194179491435241190389270827811769965853291192455791684691555403909415703633832493911790 2078362
296 11693128827090800677443535237632476895247105886644942164014088484470194179491435241190389270827811769965853291192455791684691555403909415703633832493911790 2027373
297 11693128827090800677443535237632476895247105886644942164014088484470194179491435241190389270827811769965853291192455791684691555403909415703633832493911790 2119538
298 11693128827090800677443535237632476895247105886644942164014088484470194179491435241190389270827811769965853291192455791684691555403909415703633832493911790 2072615
299 11693128827090800677443535237632476895247105886644942164014088484470194179491435241190389270827811769965853291192455791684691555403909415703633832493911790 2018434
